          50
  0.000000000000000E+000
  4.081632653061224E-002
  8.163265306122448E-002
  0.122448979591837     
  0.163265306122449     
  0.204081632653061     
  0.244897959183673     
  0.285714285714286     
  0.326530612244898     
  0.367346938775510     
  0.408163265306122     
  0.448979591836735     
  0.489795918367347     
  0.530612244897959     
  0.571428571428571     
  0.612244897959184     
  0.653061224489796     
  0.693877551020408     
  0.734693877551021     
  0.775510204081633     
  0.816326530612245     
  0.857142857142857     
  0.897959183673470     
  0.938775510204082     
  0.979591836734694     
   1.02040816326531     
   1.06122448979592     
   1.10204081632653     
   1.14285714285714     
   1.18367346938776     
   1.22448979591837     
   1.26530612244898     
   1.30612244897959     
   1.34693877551020     
   1.38775510204082     
   1.42857142857143     
   1.46938775510204     
   1.51020408163265     
   1.55102040816327     
   1.59183673469388     
   1.63265306122449     
   1.67346938775510     
   1.71428571428572     
   1.75510204081633     
   1.79591836734694     
   1.83673469387755     
   1.87755102040816     
   1.91836734693878     
   1.95918367346939     
   2.00000000000000     
  0.000000000000000E+000
  4.081632653061224E-002
  8.163265306122448E-002
  0.122448979591837     
  0.163265306122449     
  0.204081632653061     
  0.244897959183673     
  0.285714285714286     
  0.326530612244898     
  0.367346938775510     
  0.408163265306122     
  0.448979591836735     
  0.489795918367347     
  0.530612244897959     
  0.571428571428571     
  0.612244897959184     
  0.653061224489796     
  0.693877551020408     
  0.734693877551021     
  0.775510204081633     
  0.816326530612245     
  0.857142857142857     
  0.897959183673470     
  0.938775510204082     
  0.979591836734694     
   1.02040816326531     
   1.06122448979592     
   1.10204081632653     
   1.14285714285714     
   1.18367346938776     
   1.22448979591837     
   1.26530612244898     
   1.30612244897959     
   1.34693877551020     
   1.38775510204082     
   1.42857142857143     
   1.46938775510204     
   1.51020408163265     
   1.55102040816327     
   1.59183673469388     
   1.63265306122449     
   1.67346938775510     
   1.71428571428572     
   1.75510204081633     
   1.79591836734694     
   1.83673469387755     
   1.87755102040816     
   1.91836734693878     
   1.95918367346939     
   2.00000000000000     
   99.9114284155623     
   99.9114284155623     
   99.9114284155623     
   99.9114284155623     
   99.9114284155623     
   99.9114284155623     
   99.9114284155623     
   99.9114284155623     
   99.9114284155623     
   99.9114284155623     
   99.9114284155623     
   99.9114284155623     
   99.9114284155623     
   99.9114284155623     
   99.9114284155623     
   99.9114284155623     
   99.9114284155623     
   99.9114284155623     
   99.9114284155623     
   99.9114284155623     
   99.9114284155623     
   99.9114284155623     
   99.9114284155623     
   99.9114284155623     
   99.9114284155623     
   99.9114284155623     
   99.9114284155623     
   99.9114284155623     
   99.9114284155623     
   99.9114284155623     
   99.9114284155623     
   99.9114284155623     
   99.9114284155623     
   99.9114284155623     
   99.9114284155623     
   99.9114284155623     
   99.9114284155623     
   99.9114284155623     
   99.9114284155623     
   99.9114284155623     
   99.9114284155623     
   99.9114284155623     
   99.9114284155623     
   99.9114284155623     
   99.9114284155623     
   99.9114284155623     
   99.9114284155623     
   99.9114284155623     
   99.9114284155623     
   99.9114284155623     
   99.8984588852280     
   99.8984588852280     
   99.8984588852280     
   99.8984588852280     
   99.8984588852280     
   99.8984588852280     
   99.8984588852280     
   99.8984588852280     
   99.8984588852280     
   99.8984588852280     
   99.8984588852280     
   99.8984588852280     
   99.8984588852280     
   99.8984588852280     
   99.8984588852280     
   99.8984588852280     
   99.8984588852280     
   99.8984588852280     
   99.8984588852280     
   99.8984588852280     
   99.8984588852280     
   99.8984588852280     
   99.8984588852280     
   99.8984588852280     
   99.8984588852280     
   99.8984588852280     
   99.8984588852280     
   99.8984588852280     
   99.8984588852280     
   99.8984588852280     
   99.8984588852280     
   99.8984588852280     
   99.8984588852280     
   99.8984588852280     
   99.8984588852280     
   99.8984588852280     
   99.8984588852280     
   99.8984588852280     
   99.8984588852280     
   99.8984588852280     
   99.8984588852280     
   99.8984588852280     
   99.8984588852280     
   99.8984588852280     
   99.8984588852280     
   99.8984588852280     
   99.8984588852280     
   99.8984588852280     
   99.8984588852280     
   99.8984588852280     
   99.8711817339536     
   99.8711817339536     
   99.8711817339536     
   99.8711817339536     
   99.8711817339536     
   99.8711817339536     
   99.8711817339536     
   99.8711817339536     
   99.8711817339536     
   99.8711817339536     
   99.8711817339536     
   99.8711817339536     
   99.8711817339536     
   99.8711817339536     
   99.8711817339536     
   99.8711817339536     
   99.8711817339536     
   99.8711817339536     
   99.8711817339536     
   99.8711817339536     
   99.8711817339536     
   99.8711817339536     
   99.8711817339536     
   99.8711817339536     
   99.8711817339536     
   99.8711817339536     
   99.8711817339536     
   99.8711817339536     
   99.8711817339536     
   99.8711817339536     
   99.8711817339536     
   99.8711817339536     
   99.8711817339536     
   99.8711817339536     
   99.8711817339536     
   99.8711817339536     
   99.8711817339536     
   99.8711817339536     
   99.8711817339536     
   99.8711817339536     
   99.8711817339536     
   99.8711817339536     
   99.8711817339536     
   99.8711817339536     
   99.8711817339536     
   99.8711817339536     
   99.8711817339536     
   99.8711817339536     
   99.8711817339536     
   99.8711817339536     
   99.8268631516713     
   99.8268631516713     
   99.8268631516713     
   99.8268631516713     
   99.8268631516713     
   99.8268631516713     
   99.8268631516713     
   99.8268631516713     
   99.8268631516713     
   99.8268631516713     
   99.8268631516713     
   99.8268631516713     
   99.8268631516713     
   99.8268631516713     
   99.8268631516713     
   99.8268631516713     
   99.8268631516713     
   99.8268631516713     
   99.8268631516713     
   99.8268631516713     
   99.8268631516713     
   99.8268631516713     
   99.8268631516713     
   99.8268631516713     
   99.8268631516713     
   99.8268631516713     
   99.8268631516713     
   99.8268631516713     
   99.8268631516713     
   99.8268631516713     
   99.8268631516713     
   99.8268631516713     
   99.8268631516713     
   99.8268631516713     
   99.8268631516713     
   99.8268631516713     
   99.8268631516713     
   99.8268631516713     
   99.8268631516713     
   99.8268631516713     
   99.8268631516713     
   99.8268631516713     
   99.8268631516713     
   99.8268631516713     
   99.8268631516713     
   99.8268631516713     
   99.8268631516713     
   99.8268631516713     
   99.8268631516713     
   99.8268631516713     
   99.7612643460259     
   99.7612643460259     
   99.7612643460259     
   99.7612643460259     
   99.7612643460259     
   99.7612643460259     
   99.7612643460259     
   99.7612643460259     
   99.7612643460259     
   99.7612643460259     
   99.7612643460259     
   99.7612643460259     
   99.7612643460259     
   99.7612643460259     
   99.7612643460259     
   99.7612643460259     
   99.7612643460259     
   99.7612643460259     
   99.7612643460259     
   99.7612643460259     
   99.7612643460259     
   99.7612643460259     
   99.7612643460259     
   99.7612643460259     
   99.7612643460259     
   99.7612643460259     
   99.7612643460259     
   99.7612643460259     
   99.7612643460259     
   99.7612643460259     
   99.7612643460259     
   99.7612643460259     
   99.7612643460259     
   99.7612643460259     
   99.7612643460259     
   99.7612643460259     
   99.7612643460259     
   99.7612643460259     
   99.7612643460259     
   99.7612643460259     
   99.7612643460259     
   99.7612643460259     
   99.7612643460259     
   99.7612643460259     
   99.7612643460259     
   99.7612643460259     
   99.7612643460259     
   99.7612643460259     
   99.7612643460259     
   99.7612643460259     
   99.6684930252943     
   99.6684930252943     
   99.6684930252943     
   99.6684930252943     
   99.6684930252943     
   99.6684930252943     
   99.6684930252943     
   99.6684930252943     
   99.6684930252943     
   99.6684930252943     
   99.6684930252943     
   99.6684930252943     
   99.6684930252943     
   99.6684930252943     
   99.6684930252943     
   99.6684930252943     
   99.6684930252943     
   99.6684930252943     
   99.6684930252943     
   99.6684930252943     
   99.6684930252943     
   99.6684930252943     
   99.6684930252943     
   99.6684930252943     
   99.6684930252943     
   99.6684930252943     
   99.6684930252943     
   99.6684930252943     
   99.6684930252943     
   99.6684930252943     
   99.6684930252943     
   99.6684930252943     
   99.6684930252943     
   99.6684930252943     
   99.6684930252943     
   99.6684930252943     
   99.6684930252943     
   99.6684930252943     
   99.6684930252943     
   99.6684930252943     
   99.6684930252943     
   99.6684930252943     
   99.6684930252943     
   99.6684930252943     
   99.6684930252943     
   99.6684930252943     
   99.6684930252943     
   99.6684930252943     
   99.6684930252943     
   99.6684930252943     
   99.5408350238747     
   99.5408350238747     
   99.5408350238747     
   99.5408350238747     
   99.5408350238747     
   99.5408350238747     
   99.5408350238747     
   99.5408350238747     
   99.5408350238747     
   99.5408350238747     
   99.5408350238747     
   99.5408350238747     
   99.5408350238747     
   99.5408350238747     
   99.5408350238747     
   99.5408350238747     
   99.5408350238747     
   99.5408350238747     
   99.5408350238747     
   99.5408350238747     
   99.5408350238747     
   99.5408350238747     
   99.5408350238747     
   99.5408350238747     
   99.5408350238747     
   99.5408350238747     
   99.5408350238747     
   99.5408350238747     
   99.5408350238747     
   99.5408350238747     
   99.5408350238747     
   99.5408350238747     
   99.5408350238747     
   99.5408350238747     
   99.5408350238747     
   99.5408350238747     
   99.5408350238747     
   99.5408350238747     
   99.5408350238747     
   99.5408350238747     
   99.5408350238747     
   99.5408350238747     
   99.5408350238747     
   99.5408350238747     
   99.5408350238747     
   99.5408350238747     
   99.5408350238747     
   99.5408350238747     
   99.5408350238747     
   99.5408350238747     
   99.3685930716662     
   99.3685930716662     
   99.3685930716662     
   99.3685930716662     
   99.3685930716662     
   99.3685930716662     
   99.3685930716662     
   99.3685930716662     
   99.3685930716662     
   99.3685930716662     
   99.3685930716662     
   99.3685930716662     
   99.3685930716662     
   99.3685930716662     
   99.3685930716662     
   99.3685930716662     
   99.3685930716662     
   99.3685930716662     
   99.3685930716662     
   99.3685930716662     
   99.3685930716662     
   99.3685930716662     
   99.3685930716662     
   99.3685930716662     
   99.3685930716662     
   99.3685930716662     
   99.3685930716662     
   99.3685930716662     
   99.3685930716662     
   99.3685930716662     
   99.3685930716662     
   99.3685930716662     
   99.3685930716662     
   99.3685930716662     
   99.3685930716662     
   99.3685930716662     
   99.3685930716662     
   99.3685930716662     
   99.3685930716662     
   99.3685930716662     
   99.3685930716662     
   99.3685930716662     
   99.3685930716662     
   99.3685930716662     
   99.3685930716662     
   99.3685930716662     
   99.3685930716662     
   99.3685930716662     
   99.3685930716662     
   99.3685930716662     
   99.1399674496549     
   99.1399674496549     
   99.1399674496549     
   99.1399674496549     
   99.1399674496549     
   99.1399674496549     
   99.1399674496549     
   99.1399674496549     
   99.1399674496549     
   99.1399674496549     
   99.1399674496549     
   99.1399674496549     
   99.1399674496549     
   99.1399674496549     
   99.1399674496549     
   99.1399674496549     
   99.1399674496549     
   99.1399674496549     
   99.1399674496549     
   99.1399674496549     
   99.1399674496549     
   99.1399674496549     
   99.1399674496549     
   99.1399674496549     
   99.1399674496549     
   99.1399674496549     
   99.1399674496549     
   99.1399674496549     
   99.1399674496549     
   99.1399674496549     
   99.1399674496549     
   99.1399674496549     
   99.1399674496549     
   99.1399674496549     
   99.1399674496549     
   99.1399674496549     
   99.1399674496549     
   99.1399674496549     
   99.1399674496549     
   99.1399674496549     
   99.1399674496549     
   99.1399674496549     
   99.1399674496549     
   99.1399674496549     
   99.1399674496549     
   99.1399674496549     
   99.1399674496549     
   99.1399674496549     
   99.1399674496549     
   99.1399674496549     
   98.8410202185817     
   98.8410202185817     
   98.8410202185817     
   98.8410202185817     
   98.8410202185817     
   98.8410202185817     
   98.8410202185817     
   98.8410202185817     
   98.8410202185817     
   98.8410202185817     
   98.8410202185817     
   98.8410202185817     
   98.8410202185817     
   98.8410202185817     
   98.8410202185817     
   98.8410202185817     
   98.8410202185817     
   98.8410202185817     
   98.8410202185817     
   98.8410202185817     
   98.8410202185817     
   98.8410202185817     
   98.8410202185817     
   98.8410202185817     
   98.8410202185817     
   98.8410202185817     
   98.8410202185817     
   98.8410202185817     
   98.8410202185817     
   98.8410202185817     
   98.8410202185817     
   98.8410202185817     
   98.8410202185817     
   98.8410202185817     
   98.8410202185817     
   98.8410202185817     
   98.8410202185817     
   98.8410202185817     
   98.8410202185817     
   98.8410202185817     
   98.8410202185817     
   98.8410202185817     
   98.8410202185817     
   98.8410202185817     
   98.8410202185817     
   98.8410202185817     
   98.8410202185817     
   98.8410202185817     
   98.8410202185817     
   98.8410202185817     
   98.4557694375621     
   98.4557694375621     
   98.4557694375621     
   98.4557694375621     
   98.4557694375621     
   98.4557694375621     
   98.4557694375621     
   98.4557694375621     
   98.4557694375621     
   98.4557694375621     
   98.4557694375621     
   98.4557694375621     
   98.4557694375621     
   98.4557694375621     
   98.4557694375621     
   98.4557694375621     
   98.4557694375621     
   98.4557694375621     
   98.4557694375621     
   98.4557694375621     
   98.4557694375621     
   98.4557694375621     
   98.4557694375621     
   98.4557694375621     
   98.4557694375621     
   98.4557694375621     
   98.4557694375621     
   98.4557694375621     
   98.4557694375621     
   98.4557694375621     
   98.4557694375621     
   98.4557694375621     
   98.4557694375621     
   98.4557694375621     
   98.4557694375621     
   98.4557694375621     
   98.4557694375621     
   98.4557694375621     
   98.4557694375621     
   98.4557694375621     
   98.4557694375621     
   98.4557694375621     
   98.4557694375621     
   98.4557694375621     
   98.4557694375621     
   98.4557694375621     
   98.4557694375621     
   98.4557694375621     
   98.4557694375621     
   98.4557694375621     
   97.9664605061116     
   97.9664605061116     
   97.9664605061116     
   97.9664605061116     
   97.9664605061116     
   97.9664605061116     
   97.9664605061116     
   97.9664605061116     
   97.9664605061116     
   97.9664605061116     
   97.9664605061116     
   97.9664605061116     
   97.9664605061116     
   97.9664605061116     
   97.9664605061116     
   97.9664605061116     
   97.9664605061116     
   97.9664605061116     
   97.9664605061116     
   97.9664605061116     
   97.9664605061116     
   97.9664605061116     
   97.9664605061116     
   97.9664605061116     
   97.9664605061116     
   97.9664605061116     
   97.9664605061116     
   97.9664605061116     
   97.9664605061116     
   97.9664605061116     
   97.9664605061116     
   97.9664605061116     
   97.9664605061116     
   97.9664605061116     
   97.9664605061116     
   97.9664605061116     
   97.9664605061116     
   97.9664605061116     
   97.9664605061116     
   97.9664605061116     
   97.9664605061116     
   97.9664605061116     
   97.9664605061116     
   97.9664605061116     
   97.9664605061116     
   97.9664605061116     
   97.9664605061116     
   97.9664605061116     
   97.9664605061116     
   97.9664605061116     
   97.3540565276651     
   97.3540565276651     
   97.3540565276651     
   97.3540565276651     
   97.3540565276651     
   97.3540565276651     
   97.3540565276651     
   97.3540565276651     
   97.3540565276651     
   97.3540565276651     
   97.3540565276651     
   97.3540565276651     
   97.3540565276651     
   97.3540565276651     
   97.3540565276651     
   97.3540565276651     
   97.3540565276651     
   97.3540565276651     
   97.3540565276651     
   97.3540565276651     
   97.3540565276651     
   97.3540565276651     
   97.3540565276651     
   97.3540565276651     
   97.3540565276651     
   97.3540565276651     
   97.3540565276651     
   97.3540565276651     
   97.3540565276651     
   97.3540565276651     
   97.3540565276651     
   97.3540565276651     
   97.3540565276651     
   97.3540565276651     
   97.3540565276651     
   97.3540565276651     
   97.3540565276651     
   97.3540565276651     
   97.3540565276651     
   97.3540565276651     
   97.3540565276651     
   97.3540565276651     
   97.3540565276651     
   97.3540565276651     
   97.3540565276651     
   97.3540565276651     
   97.3540565276651     
   97.3540565276651     
   97.3540565276651     
   97.3540565276651     
   96.5989767133108     
   96.5989767133108     
   96.5989767133108     
   96.5989767133108     
   96.5989767133108     
   96.5989767133108     
   96.5989767133108     
   96.5989767133108     
   96.5989767133108     
   96.5989767133108     
   96.5989767133108     
   96.5989767133108     
   96.5989767133108     
   96.5989767133108     
   96.5989767133108     
   96.5989767133108     
   96.5989767133108     
   96.5989767133108     
   96.5989767133108     
   96.5989767133108     
   96.5989767133108     
   96.5989767133108     
   96.5989767133108     
   96.5989767133108     
   96.5989767133108     
   96.5989767133108     
   96.5989767133108     
   96.5989767133108     
   96.5989767133108     
   96.5989767133108     
   96.5989767133108     
   96.5989767133108     
   96.5989767133108     
   96.5989767133108     
   96.5989767133108     
   96.5989767133108     
   96.5989767133108     
   96.5989767133108     
   96.5989767133108     
   96.5989767133108     
   96.5989767133108     
   96.5989767133108     
   96.5989767133108     
   96.5989767133108     
   96.5989767133108     
   96.5989767133108     
   96.5989767133108     
   96.5989767133108     
   96.5989767133108     
   96.5989767133108     
   95.6820903790944     
   95.6820903790944     
   95.6820903790944     
   95.6820903790944     
   95.6820903790944     
   95.6820903790944     
   95.6820903790944     
   95.6820903790944     
   95.6820903790944     
   95.6820903790944     
   95.6820903790944     
   95.6820903790944     
   95.6820903790944     
   95.6820903790944     
   95.6820903790944     
   95.6820903790944     
   95.6820903790944     
   95.6820903790944     
   95.6820903790944     
   95.6820903790944     
   95.6820903790944     
   95.6820903790944     
   95.6820903790944     
   95.6820903790944     
   95.6820903790944     
   95.6820903790944     
   95.6820903790944     
   95.6820903790944     
   95.6820903790944     
   95.6820903790944     
   95.6820903790944     
   95.6820903790944     
   95.6820903790944     
   95.6820903790944     
   95.6820903790944     
   95.6820903790944     
   95.6820903790944     
   95.6820903790944     
   95.6820903790944     
   95.6820903790944     
   95.6820903790944     
   95.6820903790944     
   95.6820903790944     
   95.6820903790944     
   95.6820903790944     
   95.6820903790944     
   95.6820903790944     
   95.6820903790944     
   95.6820903790944     
   95.6820903790944     
   94.5859443907698     
   94.5859443907698     
   94.5859443907698     
   94.5859443907698     
   94.5859443907698     
   94.5859443907698     
   94.5859443907698     
   94.5859443907698     
   94.5859443907698     
   94.5859443907698     
   94.5859443907698     
   94.5859443907698     
   94.5859443907698     
   94.5859443907698     
   94.5859443907698     
   94.5859443907698     
   94.5859443907698     
   94.5859443907698     
   94.5859443907698     
   94.5859443907698     
   94.5859443907698     
   94.5859443907698     
   94.5859443907698     
   94.5859443907698     
   94.5859443907698     
   94.5859443907698     
   94.5859443907698     
   94.5859443907698     
   94.5859443907698     
   94.5859443907698     
   94.5859443907698     
   94.5859443907698     
   94.5859443907698     
   94.5859443907698     
   94.5859443907698     
   94.5859443907698     
   94.5859443907698     
   94.5859443907698     
   94.5859443907698     
   94.5859443907698     
   94.5859443907698     
   94.5859443907698     
   94.5859443907698     
   94.5859443907698     
   94.5859443907698     
   94.5859443907698     
   94.5859443907698     
   94.5859443907698     
   94.5859443907698     
   94.5859443907698     
   93.2961660780766     
   93.2961660780766     
   93.2961660780766     
   93.2961660780766     
   93.2961660780766     
   93.2961660780766     
   93.2961660780766     
   93.2961660780766     
   93.2961660780766     
   93.2961660780766     
   93.2961660780766     
   93.2961660780766     
   93.2961660780766     
   93.2961660780766     
   93.2961660780766     
   93.2961660780766     
   93.2961660780766     
   93.2961660780766     
   93.2961660780766     
   93.2961660780766     
   93.2961660780766     
   93.2961660780766     
   93.2961660780766     
   93.2961660780766     
   93.2961660780766     
   93.2961660780766     
   93.2961660780766     
   93.2961660780766     
   93.2961660780766     
   93.2961660780766     
   93.2961660780766     
   93.2961660780766     
   93.2961660780766     
   93.2961660780766     
   93.2961660780766     
   93.2961660780766     
   93.2961660780766     
   93.2961660780766     
   93.2961660780766     
   93.2961660780766     
   93.2961660780766     
   93.2961660780766     
   93.2961660780766     
   93.2961660780766     
   93.2961660780766     
   93.2961660780766     
   93.2961660780766     
   93.2961660780766     
   93.2961660780766     
   93.2961660780766     
   91.8029457333983     
   91.8029457333983     
   91.8029457333983     
   91.8029457333983     
   91.8029457333983     
   91.8029457333983     
   91.8029457333983     
   91.8029457333983     
   91.8029457333983     
   91.8029457333983     
   91.8029457333983     
   91.8029457333983     
   91.8029457333983     
   91.8029457333983     
   91.8029457333983     
   91.8029457333983     
   91.8029457333983     
   91.8029457333983     
   91.8029457333983     
   91.8029457333983     
   91.8029457333983     
   91.8029457333983     
   91.8029457333983     
   91.8029457333983     
   91.8029457333983     
   91.8029457333983     
   91.8029457333983     
   91.8029457333983     
   91.8029457333983     
   91.8029457333983     
   91.8029457333983     
   91.8029457333983     
   91.8029457333983     
   91.8029457333983     
   91.8029457333983     
   91.8029457333983     
   91.8029457333983     
   91.8029457333983     
   91.8029457333983     
   91.8029457333983     
   91.8029457333983     
   91.8029457333983     
   91.8029457333983     
   91.8029457333983     
   91.8029457333983     
   91.8029457333983     
   91.8029457333983     
   91.8029457333983     
   91.8029457333983     
   91.8029457333983     
   90.1024686330008     
   90.1024686330008     
   90.1024686330008     
   90.1024686330008     
   90.1024686330008     
   90.1024686330008     
   90.1024686330008     
   90.1024686330008     
   90.1024686330008     
   90.1024686330008     
   90.1024686330008     
   90.1024686330008     
   90.1024686330008     
   90.1024686330008     
   90.1024686330008     
   90.1024686330008     
   90.1024686330008     
   90.1024686330008     
   90.1024686330008     
   90.1024686330008     
   90.1024686330008     
   90.1024686330008     
   90.1024686330008     
   90.1024686330008     
   90.1024686330008     
   90.1024686330008     
   90.1024686330008     
   90.1024686330008     
   90.1024686330008     
   90.1024686330008     
   90.1024686330008     
   90.1024686330008     
   90.1024686330008     
   90.1024686330008     
   90.1024686330008     
   90.1024686330008     
   90.1024686330008     
   90.1024686330008     
   90.1024686330008     
   90.1024686330008     
   90.1024686330008     
   90.1024686330008     
   90.1024686330008     
   90.1024686330008     
   90.1024686330008     
   90.1024686330008     
   90.1024686330008     
   90.1024686330008     
   90.1024686330008     
   90.1024686330008     
   88.1981429088017     
   88.1981429088017     
   88.1981429088017     
   88.1981429088017     
   88.1981429088017     
   88.1981429088017     
   88.1981429088017     
   88.1981429088017     
   88.1981429088017     
   88.1981429088017     
   88.1981429088017     
   88.1981429088017     
   88.1981429088017     
   88.1981429088017     
   88.1981429088017     
   88.1981429088017     
   88.1981429088017     
   88.1981429088017     
   88.1981429088017     
   88.1981429088017     
   88.1981429088017     
   88.1981429088017     
   88.1981429088017     
   88.1981429088017     
   88.1981429088017     
   88.1981429088017     
   88.1981429088017     
   88.1981429088017     
   88.1981429088017     
   88.1981429088017     
   88.1981429088017     
   88.1981429088017     
   88.1981429088017     
   88.1981429088017     
   88.1981429088017     
   88.1981429088017     
   88.1981429088017     
   88.1981429088017     
   88.1981429088017     
   88.1981429088017     
   88.1981429088017     
   88.1981429088017     
   88.1981429088017     
   88.1981429088017     
   88.1981429088017     
   88.1981429088017     
   88.1981429088017     
   88.1981429088017     
   88.1981429088017     
   88.1981429088017     
   86.1014632037062     
   86.1014632037062     
   86.1014632037062     
   86.1014632037062     
   86.1014632037062     
   86.1014632037062     
   86.1014632037062     
   86.1014632037062     
   86.1014632037062     
   86.1014632037062     
   86.1014632037062     
   86.1014632037062     
   86.1014632037062     
   86.1014632037062     
   86.1014632037062     
   86.1014632037062     
   86.1014632037062     
   86.1014632037062     
   86.1014632037062     
   86.1014632037062     
   86.1014632037062     
   86.1014632037062     
   86.1014632037062     
   86.1014632037062     
   86.1014632037062     
   86.1014632037062     
   86.1014632037062     
   86.1014632037062     
   86.1014632037062     
   86.1014632037062     
   86.1014632037062     
   86.1014632037062     
   86.1014632037062     
   86.1014632037062     
   86.1014632037062     
   86.1014632037062     
   86.1014632037062     
   86.1014632037062     
   86.1014632037062     
   86.1014632037062     
   86.1014632037062     
   86.1014632037062     
   86.1014632037062     
   86.1014632037062     
   86.1014632037062     
   86.1014632037062     
   86.1014632037062     
   86.1014632037062     
   86.1014632037062     
   86.1014632037062     
   83.8323657875381     
   83.8323657875381     
   83.8323657875381     
   83.8323657875381     
   83.8323657875381     
   83.8323657875381     
   83.8323657875381     
   83.8323657875381     
   83.8323657875381     
   83.8323657875381     
   83.8323657875381     
   83.8323657875381     
   83.8323657875381     
   83.8323657875381     
   83.8323657875381     
   83.8323657875381     
   83.8323657875381     
   83.8323657875381     
   83.8323657875381     
   83.8323657875381     
   83.8323657875381     
   83.8323657875381     
   83.8323657875381     
   83.8323657875381     
   83.8323657875381     
   83.8323657875381     
   83.8323657875381     
   83.8323657875381     
   83.8323657875381     
   83.8323657875381     
   83.8323657875381     
   83.8323657875381     
   83.8323657875381     
   83.8323657875381     
   83.8323657875381     
   83.8323657875381     
   83.8323657875381     
   83.8323657875381     
   83.8323657875381     
   83.8323657875381     
   83.8323657875381     
   83.8323657875381     
   83.8323657875381     
   83.8323657875381     
   83.8323657875381     
   83.8323657875381     
   83.8323657875381     
   83.8323657875381     
   83.8323657875381     
   83.8323657875381     
   81.4189703659831     
   81.4189703659831     
   81.4189703659831     
   81.4189703659831     
   81.4189703659831     
   81.4189703659831     
   81.4189703659831     
   81.4189703659831     
   81.4189703659831     
   81.4189703659831     
   81.4189703659831     
   81.4189703659831     
   81.4189703659831     
   81.4189703659831     
   81.4189703659831     
   81.4189703659831     
   81.4189703659831     
   81.4189703659831     
   81.4189703659831     
   81.4189703659831     
   81.4189703659831     
   81.4189703659831     
   81.4189703659831     
   81.4189703659831     
   81.4189703659831     
   81.4189703659831     
   81.4189703659831     
   81.4189703659831     
   81.4189703659831     
   81.4189703659831     
   81.4189703659831     
   81.4189703659831     
   81.4189703659831     
   81.4189703659831     
   81.4189703659831     
   81.4189703659831     
   81.4189703659831     
   81.4189703659831     
   81.4189703659831     
   81.4189703659831     
   81.4189703659831     
   81.4189703659831     
   81.4189703659831     
   81.4189703659831     
   81.4189703659831     
   81.4189703659831     
   81.4189703659831     
   81.4189703659831     
   81.4189703659831     
   81.4189703659831     
   78.8966645217147     
   78.8966645217147     
   78.8966645217147     
   78.8966645217147     
   78.8966645217147     
   78.8966645217147     
   78.8966645217147     
   78.8966645217147     
   78.8966645217147     
   78.8966645217147     
   78.8966645217147     
   78.8966645217147     
   78.8966645217147     
   78.8966645217147     
   78.8966645217147     
   78.8966645217147     
   78.8966645217147     
   78.8966645217147     
   78.8966645217147     
   78.8966645217147     
   78.8966645217147     
   78.8966645217147     
   78.8966645217147     
   78.8966645217147     
   78.8966645217147     
   78.8966645217147     
   78.8966645217147     
   78.8966645217147     
   78.8966645217147     
   78.8966645217147     
   78.8966645217147     
   78.8966645217147     
   78.8966645217147     
   78.8966645217147     
   78.8966645217147     
   78.8966645217147     
   78.8966645217147     
   78.8966645217147     
   78.8966645217147     
   78.8966645217147     
   78.8966645217147     
   78.8966645217147     
   78.8966645217147     
   78.8966645217147     
   78.8966645217147     
   78.8966645217147     
   78.8966645217147     
   78.8966645217147     
   78.8966645217147     
   78.8966645217147     
   76.3065613653939     
   76.3065613653939     
   76.3065613653939     
   76.3065613653939     
   76.3065613653939     
   76.3065613653939     
   76.3065613653939     
   76.3065613653939     
   76.3065613653939     
   76.3065613653939     
   76.3065613653939     
   76.3065613653939     
   76.3065613653939     
   76.3065613653939     
   76.3065613653939     
   76.3065613653939     
   76.3065613653939     
   76.3065613653939     
   76.3065613653939     
   76.3065613653939     
   76.3065613653939     
   76.3065613653939     
   76.3065613653939     
   76.3065613653939     
   76.3065613653939     
   76.3065613653939     
   76.3065613653939     
   76.3065613653939     
   76.3065613653939     
   76.3065613653939     
   76.3065613653939     
   76.3065613653939     
   76.3065613653939     
   76.3065613653939     
   76.3065613653939     
   76.3065613653939     
   76.3065613653939     
   76.3065613653939     
   76.3065613653939     
   76.3065613653939     
   76.3065613653939     
   76.3065613653939     
   76.3065613653939     
   76.3065613653939     
   76.3065613653939     
   76.3065613653939     
   76.3065613653939     
   76.3065613653939     
   76.3065613653939     
   76.3065613653939     
   73.6934386346062     
   73.6934386346062     
   73.6934386346062     
   73.6934386346062     
   73.6934386346062     
   73.6934386346062     
   73.6934386346062     
   73.6934386346062     
   73.6934386346062     
   73.6934386346062     
   73.6934386346062     
   73.6934386346062     
   73.6934386346062     
   73.6934386346062     
   73.6934386346062     
   73.6934386346062     
   73.6934386346062     
   73.6934386346062     
   73.6934386346062     
   73.6934386346062     
   73.6934386346062     
   73.6934386346062     
   73.6934386346062     
   73.6934386346062     
   73.6934386346062     
   73.6934386346062     
   73.6934386346062     
   73.6934386346062     
   73.6934386346062     
   73.6934386346062     
   73.6934386346062     
   73.6934386346062     
   73.6934386346062     
   73.6934386346062     
   73.6934386346062     
   73.6934386346062     
   73.6934386346062     
   73.6934386346062     
   73.6934386346062     
   73.6934386346062     
   73.6934386346062     
   73.6934386346062     
   73.6934386346062     
   73.6934386346062     
   73.6934386346062     
   73.6934386346062     
   73.6934386346062     
   73.6934386346062     
   73.6934386346062     
   73.6934386346062     
   71.1033354782854     
   71.1033354782854     
   71.1033354782854     
   71.1033354782854     
   71.1033354782854     
   71.1033354782854     
   71.1033354782854     
   71.1033354782854     
   71.1033354782854     
   71.1033354782854     
   71.1033354782854     
   71.1033354782854     
   71.1033354782854     
   71.1033354782854     
   71.1033354782854     
   71.1033354782854     
   71.1033354782854     
   71.1033354782854     
   71.1033354782854     
   71.1033354782854     
   71.1033354782854     
   71.1033354782854     
   71.1033354782854     
   71.1033354782854     
   71.1033354782854     
   71.1033354782854     
   71.1033354782854     
   71.1033354782854     
   71.1033354782854     
   71.1033354782854     
   71.1033354782854     
   71.1033354782854     
   71.1033354782854     
   71.1033354782854     
   71.1033354782854     
   71.1033354782854     
   71.1033354782854     
   71.1033354782854     
   71.1033354782854     
   71.1033354782854     
   71.1033354782854     
   71.1033354782854     
   71.1033354782854     
   71.1033354782854     
   71.1033354782854     
   71.1033354782854     
   71.1033354782854     
   71.1033354782854     
   71.1033354782854     
   71.1033354782854     
   68.5810296340169     
   68.5810296340169     
   68.5810296340169     
   68.5810296340169     
   68.5810296340169     
   68.5810296340169     
   68.5810296340169     
   68.5810296340169     
   68.5810296340169     
   68.5810296340169     
   68.5810296340169     
   68.5810296340169     
   68.5810296340169     
   68.5810296340169     
   68.5810296340169     
   68.5810296340169     
   68.5810296340169     
   68.5810296340169     
   68.5810296340169     
   68.5810296340169     
   68.5810296340169     
   68.5810296340169     
   68.5810296340169     
   68.5810296340169     
   68.5810296340169     
   68.5810296340169     
   68.5810296340169     
   68.5810296340169     
   68.5810296340169     
   68.5810296340169     
   68.5810296340169     
   68.5810296340169     
   68.5810296340169     
   68.5810296340169     
   68.5810296340169     
   68.5810296340169     
   68.5810296340169     
   68.5810296340169     
   68.5810296340169     
   68.5810296340169     
   68.5810296340169     
   68.5810296340169     
   68.5810296340169     
   68.5810296340169     
   68.5810296340169     
   68.5810296340169     
   68.5810296340169     
   68.5810296340169     
   68.5810296340169     
   68.5810296340169     
   66.1676342124620     
   66.1676342124620     
   66.1676342124620     
   66.1676342124620     
   66.1676342124620     
   66.1676342124620     
   66.1676342124620     
   66.1676342124620     
   66.1676342124620     
   66.1676342124620     
   66.1676342124620     
   66.1676342124620     
   66.1676342124620     
   66.1676342124620     
   66.1676342124620     
   66.1676342124620     
   66.1676342124620     
   66.1676342124620     
   66.1676342124620     
   66.1676342124620     
   66.1676342124620     
   66.1676342124620     
   66.1676342124620     
   66.1676342124620     
   66.1676342124620     
   66.1676342124620     
   66.1676342124620     
   66.1676342124620     
   66.1676342124620     
   66.1676342124620     
   66.1676342124620     
   66.1676342124620     
   66.1676342124620     
   66.1676342124620     
   66.1676342124620     
   66.1676342124620     
   66.1676342124620     
   66.1676342124620     
   66.1676342124620     
   66.1676342124620     
   66.1676342124620     
   66.1676342124620     
   66.1676342124620     
   66.1676342124620     
   66.1676342124620     
   66.1676342124620     
   66.1676342124620     
   66.1676342124620     
   66.1676342124620     
   66.1676342124620     
   63.8985367962939     
   63.8985367962939     
   63.8985367962939     
   63.8985367962939     
   63.8985367962939     
   63.8985367962939     
   63.8985367962939     
   63.8985367962939     
   63.8985367962939     
   63.8985367962939     
   63.8985367962939     
   63.8985367962939     
   63.8985367962939     
   63.8985367962939     
   63.8985367962939     
   63.8985367962939     
   63.8985367962939     
   63.8985367962939     
   63.8985367962939     
   63.8985367962939     
   63.8985367962939     
   63.8985367962939     
   63.8985367962939     
   63.8985367962939     
   63.8985367962939     
   63.8985367962939     
   63.8985367962939     
   63.8985367962939     
   63.8985367962939     
   63.8985367962939     
   63.8985367962939     
   63.8985367962939     
   63.8985367962939     
   63.8985367962939     
   63.8985367962939     
   63.8985367962939     
   63.8985367962939     
   63.8985367962939     
   63.8985367962939     
   63.8985367962939     
   63.8985367962939     
   63.8985367962939     
   63.8985367962939     
   63.8985367962939     
   63.8985367962939     
   63.8985367962939     
   63.8985367962939     
   63.8985367962939     
   63.8985367962939     
   63.8985367962939     
   61.8018570911983     
   61.8018570911983     
   61.8018570911983     
   61.8018570911983     
   61.8018570911983     
   61.8018570911983     
   61.8018570911983     
   61.8018570911983     
   61.8018570911983     
   61.8018570911983     
   61.8018570911983     
   61.8018570911983     
   61.8018570911983     
   61.8018570911983     
   61.8018570911983     
   61.8018570911983     
   61.8018570911983     
   61.8018570911983     
   61.8018570911983     
   61.8018570911983     
   61.8018570911983     
   61.8018570911983     
   61.8018570911983     
   61.8018570911983     
   61.8018570911983     
   61.8018570911983     
   61.8018570911983     
   61.8018570911983     
   61.8018570911983     
   61.8018570911983     
   61.8018570911983     
   61.8018570911983     
   61.8018570911983     
   61.8018570911983     
   61.8018570911983     
   61.8018570911983     
   61.8018570911983     
   61.8018570911983     
   61.8018570911983     
   61.8018570911983     
   61.8018570911983     
   61.8018570911983     
   61.8018570911983     
   61.8018570911983     
   61.8018570911983     
   61.8018570911983     
   61.8018570911983     
   61.8018570911983     
   61.8018570911983     
   61.8018570911983     
   59.8975313669992     
   59.8975313669992     
   59.8975313669992     
   59.8975313669992     
   59.8975313669992     
   59.8975313669992     
   59.8975313669992     
   59.8975313669992     
   59.8975313669992     
   59.8975313669992     
   59.8975313669992     
   59.8975313669992     
   59.8975313669992     
   59.8975313669992     
   59.8975313669992     
   59.8975313669992     
   59.8975313669992     
   59.8975313669992     
   59.8975313669992     
   59.8975313669992     
   59.8975313669992     
   59.8975313669992     
   59.8975313669992     
   59.8975313669992     
   59.8975313669992     
   59.8975313669992     
   59.8975313669992     
   59.8975313669992     
   59.8975313669992     
   59.8975313669992     
   59.8975313669992     
   59.8975313669992     
   59.8975313669992     
   59.8975313669992     
   59.8975313669992     
   59.8975313669992     
   59.8975313669992     
   59.8975313669992     
   59.8975313669992     
   59.8975313669992     
   59.8975313669992     
   59.8975313669992     
   59.8975313669992     
   59.8975313669992     
   59.8975313669992     
   59.8975313669992     
   59.8975313669992     
   59.8975313669992     
   59.8975313669992     
   59.8975313669992     
   58.1970542666017     
   58.1970542666017     
   58.1970542666017     
   58.1970542666017     
   58.1970542666017     
   58.1970542666017     
   58.1970542666017     
   58.1970542666017     
   58.1970542666017     
   58.1970542666017     
   58.1970542666017     
   58.1970542666017     
   58.1970542666017     
   58.1970542666017     
   58.1970542666017     
   58.1970542666017     
   58.1970542666017     
   58.1970542666017     
   58.1970542666017     
   58.1970542666017     
   58.1970542666017     
   58.1970542666017     
   58.1970542666017     
   58.1970542666017     
   58.1970542666017     
   58.1970542666017     
   58.1970542666017     
   58.1970542666017     
   58.1970542666017     
   58.1970542666017     
   58.1970542666017     
   58.1970542666017     
   58.1970542666017     
   58.1970542666017     
   58.1970542666017     
   58.1970542666017     
   58.1970542666017     
   58.1970542666017     
   58.1970542666017     
   58.1970542666017     
   58.1970542666017     
   58.1970542666017     
   58.1970542666017     
   58.1970542666017     
   58.1970542666017     
   58.1970542666017     
   58.1970542666017     
   58.1970542666017     
   58.1970542666017     
   58.1970542666017     
   56.7038339219234     
   56.7038339219234     
   56.7038339219234     
   56.7038339219234     
   56.7038339219234     
   56.7038339219234     
   56.7038339219234     
   56.7038339219234     
   56.7038339219234     
   56.7038339219234     
   56.7038339219234     
   56.7038339219234     
   56.7038339219234     
   56.7038339219234     
   56.7038339219234     
   56.7038339219234     
   56.7038339219234     
   56.7038339219234     
   56.7038339219234     
   56.7038339219234     
   56.7038339219234     
   56.7038339219234     
   56.7038339219234     
   56.7038339219234     
   56.7038339219234     
   56.7038339219234     
   56.7038339219234     
   56.7038339219234     
   56.7038339219234     
   56.7038339219234     
   56.7038339219234     
   56.7038339219234     
   56.7038339219234     
   56.7038339219234     
   56.7038339219234     
   56.7038339219234     
   56.7038339219234     
   56.7038339219234     
   56.7038339219234     
   56.7038339219234     
   56.7038339219234     
   56.7038339219234     
   56.7038339219234     
   56.7038339219234     
   56.7038339219234     
   56.7038339219234     
   56.7038339219234     
   56.7038339219234     
   56.7038339219234     
   56.7038339219234     
   55.4140556092302     
   55.4140556092302     
   55.4140556092302     
   55.4140556092302     
   55.4140556092302     
   55.4140556092302     
   55.4140556092302     
   55.4140556092302     
   55.4140556092302     
   55.4140556092302     
   55.4140556092302     
   55.4140556092302     
   55.4140556092302     
   55.4140556092302     
   55.4140556092302     
   55.4140556092302     
   55.4140556092302     
   55.4140556092302     
   55.4140556092302     
   55.4140556092302     
   55.4140556092302     
   55.4140556092302     
   55.4140556092302     
   55.4140556092302     
   55.4140556092302     
   55.4140556092302     
   55.4140556092302     
   55.4140556092302     
   55.4140556092302     
   55.4140556092302     
   55.4140556092302     
   55.4140556092302     
   55.4140556092302     
   55.4140556092302     
   55.4140556092302     
   55.4140556092302     
   55.4140556092302     
   55.4140556092302     
   55.4140556092302     
   55.4140556092302     
   55.4140556092302     
   55.4140556092302     
   55.4140556092302     
   55.4140556092302     
   55.4140556092302     
   55.4140556092302     
   55.4140556092302     
   55.4140556092302     
   55.4140556092302     
   55.4140556092302     
   54.3179096209056     
   54.3179096209056     
   54.3179096209056     
   54.3179096209056     
   54.3179096209056     
   54.3179096209056     
   54.3179096209056     
   54.3179096209056     
   54.3179096209056     
   54.3179096209056     
   54.3179096209056     
   54.3179096209056     
   54.3179096209056     
   54.3179096209056     
   54.3179096209056     
   54.3179096209056     
   54.3179096209056     
   54.3179096209056     
   54.3179096209056     
   54.3179096209056     
   54.3179096209056     
   54.3179096209056     
   54.3179096209056     
   54.3179096209056     
   54.3179096209056     
   54.3179096209056     
   54.3179096209056     
   54.3179096209056     
   54.3179096209056     
   54.3179096209056     
   54.3179096209056     
   54.3179096209056     
   54.3179096209056     
   54.3179096209056     
   54.3179096209056     
   54.3179096209056     
   54.3179096209056     
   54.3179096209056     
   54.3179096209056     
   54.3179096209056     
   54.3179096209056     
   54.3179096209056     
   54.3179096209056     
   54.3179096209056     
   54.3179096209056     
   54.3179096209056     
   54.3179096209056     
   54.3179096209056     
   54.3179096209056     
   54.3179096209056     
   53.4010232866892     
   53.4010232866892     
   53.4010232866892     
   53.4010232866892     
   53.4010232866892     
   53.4010232866892     
   53.4010232866892     
   53.4010232866892     
   53.4010232866892     
   53.4010232866892     
   53.4010232866892     
   53.4010232866892     
   53.4010232866892     
   53.4010232866892     
   53.4010232866892     
   53.4010232866892     
   53.4010232866892     
   53.4010232866892     
   53.4010232866892     
   53.4010232866892     
   53.4010232866892     
   53.4010232866892     
   53.4010232866892     
   53.4010232866892     
   53.4010232866892     
   53.4010232866892     
   53.4010232866892     
   53.4010232866892     
   53.4010232866892     
   53.4010232866892     
   53.4010232866892     
   53.4010232866892     
   53.4010232866892     
   53.4010232866892     
   53.4010232866892     
   53.4010232866892     
   53.4010232866892     
   53.4010232866892     
   53.4010232866892     
   53.4010232866892     
   53.4010232866892     
   53.4010232866892     
   53.4010232866892     
   53.4010232866892     
   53.4010232866892     
   53.4010232866892     
   53.4010232866892     
   53.4010232866892     
   53.4010232866892     
   53.4010232866892     
   52.6459434723348     
   52.6459434723348     
   52.6459434723348     
   52.6459434723348     
   52.6459434723348     
   52.6459434723348     
   52.6459434723348     
   52.6459434723348     
   52.6459434723348     
   52.6459434723348     
   52.6459434723348     
   52.6459434723348     
   52.6459434723348     
   52.6459434723348     
   52.6459434723348     
   52.6459434723348     
   52.6459434723348     
   52.6459434723348     
   52.6459434723348     
   52.6459434723348     
   52.6459434723348     
   52.6459434723348     
   52.6459434723348     
   52.6459434723348     
   52.6459434723348     
   52.6459434723348     
   52.6459434723348     
   52.6459434723348     
   52.6459434723348     
   52.6459434723348     
   52.6459434723348     
   52.6459434723348     
   52.6459434723348     
   52.6459434723348     
   52.6459434723348     
   52.6459434723348     
   52.6459434723348     
   52.6459434723348     
   52.6459434723348     
   52.6459434723348     
   52.6459434723348     
   52.6459434723348     
   52.6459434723348     
   52.6459434723348     
   52.6459434723348     
   52.6459434723348     
   52.6459434723348     
   52.6459434723348     
   52.6459434723348     
   52.6459434723348     
   52.0335394938883     
   52.0335394938883     
   52.0335394938883     
   52.0335394938883     
   52.0335394938883     
   52.0335394938883     
   52.0335394938883     
   52.0335394938883     
   52.0335394938883     
   52.0335394938883     
   52.0335394938883     
   52.0335394938883     
   52.0335394938883     
   52.0335394938883     
   52.0335394938883     
   52.0335394938883     
   52.0335394938883     
   52.0335394938883     
   52.0335394938883     
   52.0335394938883     
   52.0335394938883     
   52.0335394938883     
   52.0335394938883     
   52.0335394938883     
   52.0335394938883     
   52.0335394938883     
   52.0335394938883     
   52.0335394938883     
   52.0335394938883     
   52.0335394938883     
   52.0335394938883     
   52.0335394938883     
   52.0335394938883     
   52.0335394938883     
   52.0335394938883     
   52.0335394938883     
   52.0335394938883     
   52.0335394938883     
   52.0335394938883     
   52.0335394938883     
   52.0335394938883     
   52.0335394938883     
   52.0335394938883     
   52.0335394938883     
   52.0335394938883     
   52.0335394938883     
   52.0335394938883     
   52.0335394938883     
   52.0335394938883     
   52.0335394938883     
   51.5442305624379     
   51.5442305624379     
   51.5442305624379     
   51.5442305624379     
   51.5442305624379     
   51.5442305624379     
   51.5442305624379     
   51.5442305624379     
   51.5442305624379     
   51.5442305624379     
   51.5442305624379     
   51.5442305624379     
   51.5442305624379     
   51.5442305624379     
   51.5442305624379     
   51.5442305624379     
   51.5442305624379     
   51.5442305624379     
   51.5442305624379     
   51.5442305624379     
   51.5442305624379     
   51.5442305624379     
   51.5442305624379     
   51.5442305624379     
   51.5442305624379     
   51.5442305624379     
   51.5442305624379     
   51.5442305624379     
   51.5442305624379     
   51.5442305624379     
   51.5442305624379     
   51.5442305624379     
   51.5442305624379     
   51.5442305624379     
   51.5442305624379     
   51.5442305624379     
   51.5442305624379     
   51.5442305624379     
   51.5442305624379     
   51.5442305624379     
   51.5442305624379     
   51.5442305624379     
   51.5442305624379     
   51.5442305624379     
   51.5442305624379     
   51.5442305624379     
   51.5442305624379     
   51.5442305624379     
   51.5442305624379     
   51.5442305624379     
   51.1589797814183     
   51.1589797814183     
   51.1589797814183     
   51.1589797814183     
   51.1589797814183     
   51.1589797814183     
   51.1589797814183     
   51.1589797814183     
   51.1589797814183     
   51.1589797814183     
   51.1589797814183     
   51.1589797814183     
   51.1589797814183     
   51.1589797814183     
   51.1589797814183     
   51.1589797814183     
   51.1589797814183     
   51.1589797814183     
   51.1589797814183     
   51.1589797814183     
   51.1589797814183     
   51.1589797814183     
   51.1589797814183     
   51.1589797814183     
   51.1589797814183     
   51.1589797814183     
   51.1589797814183     
   51.1589797814183     
   51.1589797814183     
   51.1589797814183     
   51.1589797814183     
   51.1589797814183     
   51.1589797814183     
   51.1589797814183     
   51.1589797814183     
   51.1589797814183     
   51.1589797814183     
   51.1589797814183     
   51.1589797814183     
   51.1589797814183     
   51.1589797814183     
   51.1589797814183     
   51.1589797814183     
   51.1589797814183     
   51.1589797814183     
   51.1589797814183     
   51.1589797814183     
   51.1589797814183     
   51.1589797814183     
   51.1589797814183     
   50.8600325503451     
   50.8600325503451     
   50.8600325503451     
   50.8600325503451     
   50.8600325503451     
   50.8600325503451     
   50.8600325503451     
   50.8600325503451     
   50.8600325503451     
   50.8600325503451     
   50.8600325503451     
   50.8600325503451     
   50.8600325503451     
   50.8600325503451     
   50.8600325503451     
   50.8600325503451     
   50.8600325503451     
   50.8600325503451     
   50.8600325503451     
   50.8600325503451     
   50.8600325503451     
   50.8600325503451     
   50.8600325503451     
   50.8600325503451     
   50.8600325503451     
   50.8600325503451     
   50.8600325503451     
   50.8600325503451     
   50.8600325503451     
   50.8600325503451     
   50.8600325503451     
   50.8600325503451     
   50.8600325503451     
   50.8600325503451     
   50.8600325503451     
   50.8600325503451     
   50.8600325503451     
   50.8600325503451     
   50.8600325503451     
   50.8600325503451     
   50.8600325503451     
   50.8600325503451     
   50.8600325503451     
   50.8600325503451     
   50.8600325503451     
   50.8600325503451     
   50.8600325503451     
   50.8600325503451     
   50.8600325503451     
   50.8600325503451     
   50.6314069283338     
   50.6314069283338     
   50.6314069283338     
   50.6314069283338     
   50.6314069283338     
   50.6314069283338     
   50.6314069283338     
   50.6314069283338     
   50.6314069283338     
   50.6314069283338     
   50.6314069283338     
   50.6314069283338     
   50.6314069283338     
   50.6314069283338     
   50.6314069283338     
   50.6314069283338     
   50.6314069283338     
   50.6314069283338     
   50.6314069283338     
   50.6314069283338     
   50.6314069283338     
   50.6314069283338     
   50.6314069283338     
   50.6314069283338     
   50.6314069283338     
   50.6314069283338     
   50.6314069283338     
   50.6314069283338     
   50.6314069283338     
   50.6314069283338     
   50.6314069283338     
   50.6314069283338     
   50.6314069283338     
   50.6314069283338     
   50.6314069283338     
   50.6314069283338     
   50.6314069283338     
   50.6314069283338     
   50.6314069283338     
   50.6314069283338     
   50.6314069283338     
   50.6314069283338     
   50.6314069283338     
   50.6314069283338     
   50.6314069283338     
   50.6314069283338     
   50.6314069283338     
   50.6314069283338     
   50.6314069283338     
   50.6314069283338     
   50.4591649761253     
   50.4591649761253     
   50.4591649761253     
   50.4591649761253     
   50.4591649761253     
   50.4591649761253     
   50.4591649761253     
   50.4591649761253     
   50.4591649761253     
   50.4591649761253     
   50.4591649761253     
   50.4591649761253     
   50.4591649761253     
   50.4591649761253     
   50.4591649761253     
   50.4591649761253     
   50.4591649761253     
   50.4591649761253     
   50.4591649761253     
   50.4591649761253     
   50.4591649761253     
   50.4591649761253     
   50.4591649761253     
   50.4591649761253     
   50.4591649761253     
   50.4591649761253     
   50.4591649761253     
   50.4591649761253     
   50.4591649761253     
   50.4591649761253     
   50.4591649761253     
   50.4591649761253     
   50.4591649761253     
   50.4591649761253     
   50.4591649761253     
   50.4591649761253     
   50.4591649761253     
   50.4591649761253     
   50.4591649761253     
   50.4591649761253     
   50.4591649761253     
   50.4591649761253     
   50.4591649761253     
   50.4591649761253     
   50.4591649761253     
   50.4591649761253     
   50.4591649761253     
   50.4591649761253     
   50.4591649761253     
   50.4591649761253     
   50.3315069747056     
   50.3315069747056     
   50.3315069747056     
   50.3315069747056     
   50.3315069747056     
   50.3315069747056     
   50.3315069747056     
   50.3315069747056     
   50.3315069747056     
   50.3315069747056     
   50.3315069747056     
   50.3315069747056     
   50.3315069747056     
   50.3315069747056     
   50.3315069747056     
   50.3315069747056     
   50.3315069747056     
   50.3315069747056     
   50.3315069747056     
   50.3315069747056     
   50.3315069747056     
   50.3315069747056     
   50.3315069747056     
   50.3315069747056     
   50.3315069747056     
   50.3315069747056     
   50.3315069747056     
   50.3315069747056     
   50.3315069747056     
   50.3315069747056     
   50.3315069747056     
   50.3315069747056     
   50.3315069747056     
   50.3315069747056     
   50.3315069747056     
   50.3315069747056     
   50.3315069747056     
   50.3315069747056     
   50.3315069747056     
   50.3315069747056     
   50.3315069747056     
   50.3315069747056     
   50.3315069747056     
   50.3315069747056     
   50.3315069747056     
   50.3315069747056     
   50.3315069747056     
   50.3315069747056     
   50.3315069747056     
   50.3315069747056     
   50.2387356539739     
   50.2387356539739     
   50.2387356539739     
   50.2387356539739     
   50.2387356539739     
   50.2387356539739     
   50.2387356539739     
   50.2387356539739     
   50.2387356539739     
   50.2387356539739     
   50.2387356539739     
   50.2387356539739     
   50.2387356539739     
   50.2387356539739     
   50.2387356539739     
   50.2387356539739     
   50.2387356539739     
   50.2387356539739     
   50.2387356539739     
   50.2387356539739     
   50.2387356539739     
   50.2387356539739     
   50.2387356539739     
   50.2387356539739     
   50.2387356539739     
   50.2387356539739     
   50.2387356539739     
   50.2387356539739     
   50.2387356539739     
   50.2387356539739     
   50.2387356539739     
   50.2387356539739     
   50.2387356539739     
   50.2387356539739     
   50.2387356539739     
   50.2387356539739     
   50.2387356539739     
   50.2387356539739     
   50.2387356539739     
   50.2387356539739     
   50.2387356539739     
   50.2387356539739     
   50.2387356539739     
   50.2387356539739     
   50.2387356539739     
   50.2387356539739     
   50.2387356539739     
   50.2387356539739     
   50.2387356539739     
   50.2387356539739     
   50.1731368483286     
   50.1731368483286     
   50.1731368483286     
   50.1731368483286     
   50.1731368483286     
   50.1731368483286     
   50.1731368483286     
   50.1731368483286     
   50.1731368483286     
   50.1731368483286     
   50.1731368483286     
   50.1731368483286     
   50.1731368483286     
   50.1731368483286     
   50.1731368483286     
   50.1731368483286     
   50.1731368483286     
   50.1731368483286     
   50.1731368483286     
   50.1731368483286     
   50.1731368483286     
   50.1731368483286     
   50.1731368483286     
   50.1731368483286     
   50.1731368483286     
   50.1731368483286     
   50.1731368483286     
   50.1731368483286     
   50.1731368483286     
   50.1731368483286     
   50.1731368483286     
   50.1731368483286     
   50.1731368483286     
   50.1731368483286     
   50.1731368483286     
   50.1731368483286     
   50.1731368483286     
   50.1731368483286     
   50.1731368483286     
   50.1731368483286     
   50.1731368483286     
   50.1731368483286     
   50.1731368483286     
   50.1731368483286     
   50.1731368483286     
   50.1731368483286     
   50.1731368483286     
   50.1731368483286     
   50.1731368483286     
   50.1731368483286     
   50.1288182660462     
   50.1288182660462     
   50.1288182660462     
   50.1288182660462     
   50.1288182660462     
   50.1288182660462     
   50.1288182660462     
   50.1288182660462     
   50.1288182660462     
   50.1288182660462     
   50.1288182660462     
   50.1288182660462     
   50.1288182660462     
   50.1288182660462     
   50.1288182660462     
   50.1288182660462     
   50.1288182660462     
   50.1288182660462     
   50.1288182660462     
   50.1288182660462     
   50.1288182660462     
   50.1288182660462     
   50.1288182660462     
   50.1288182660462     
   50.1288182660462     
   50.1288182660462     
   50.1288182660462     
   50.1288182660462     
   50.1288182660462     
   50.1288182660462     
   50.1288182660462     
   50.1288182660462     
   50.1288182660462     
   50.1288182660462     
   50.1288182660462     
   50.1288182660462     
   50.1288182660462     
   50.1288182660462     
   50.1288182660462     
   50.1288182660462     
   50.1288182660462     
   50.1288182660462     
   50.1288182660462     
   50.1288182660462     
   50.1288182660462     
   50.1288182660462     
   50.1288182660462     
   50.1288182660462     
   50.1288182660462     
   50.1288182660462     
   50.1015411147718     
   50.1015411147718     
   50.1015411147718     
   50.1015411147718     
   50.1015411147718     
   50.1015411147718     
   50.1015411147718     
   50.1015411147718     
   50.1015411147718     
   50.1015411147718     
   50.1015411147718     
   50.1015411147718     
   50.1015411147718     
   50.1015411147718     
   50.1015411147718     
   50.1015411147718     
   50.1015411147718     
   50.1015411147718     
   50.1015411147718     
   50.1015411147718     
   50.1015411147718     
   50.1015411147718     
   50.1015411147718     
   50.1015411147718     
   50.1015411147718     
   50.1015411147718     
   50.1015411147718     
   50.1015411147718     
   50.1015411147718     
   50.1015411147718     
   50.1015411147718     
   50.1015411147718     
   50.1015411147718     
   50.1015411147718     
   50.1015411147718     
   50.1015411147718     
   50.1015411147718     
   50.1015411147718     
   50.1015411147718     
   50.1015411147718     
   50.1015411147718     
   50.1015411147718     
   50.1015411147718     
   50.1015411147718     
   50.1015411147718     
   50.1015411147718     
   50.1015411147718     
   50.1015411147718     
   50.1015411147718     
   50.1015411147718     
   50.0885715844376     
   50.0885715844376     
   50.0885715844376     
   50.0885715844376     
   50.0885715844376     
   50.0885715844376     
   50.0885715844376     
   50.0885715844376     
   50.0885715844376     
   50.0885715844376     
   50.0885715844376     
   50.0885715844376     
   50.0885715844376     
   50.0885715844376     
   50.0885715844376     
   50.0885715844376     
   50.0885715844376     
   50.0885715844376     
   50.0885715844376     
   50.0885715844376     
   50.0885715844376     
   50.0885715844376     
   50.0885715844376     
   50.0885715844376     
   50.0885715844376     
   50.0885715844376     
   50.0885715844376     
   50.0885715844376     
   50.0885715844376     
   50.0885715844376     
   50.0885715844376     
   50.0885715844376     
   50.0885715844376     
   50.0885715844376     
   50.0885715844376     
   50.0885715844376     
   50.0885715844376     
   50.0885715844376     
   50.0885715844376     
   50.0885715844376     
   50.0885715844376     
   50.0885715844376     
   50.0885715844376     
   50.0885715844376     
   50.0885715844376     
   50.0885715844376     
   50.0885715844376     
   50.0885715844376     
   50.0885715844376     
   50.0885715844376     
